11146
11150
11153
11159
11169
11177
11180
11181
11184
11189
11202
11209
11210
11211
11224
11225
11228
11229
11241
11243
11245
11249
11253
11255
11267
11271
11279
11286
11292
11295
11302
11307
11313
11318
11319
11331
11332
11334
11340
11342
11348
11361
11368
11371
11381
11387
11401
11408
11412
11430
11458
11471
11474
11477
11483
11492
11501
11503
11504
11506
11513
11514
11523
11531
11535
11538
11544
11546
11551
11557
11561
11570
11576
11577
11580
11583
11584
11591
11598
11602
11605
11610
11618
11623
11627
11631
11633
11651
11654
11666
11669
11675
11683
11684
11696
11711
11712
11713
11715
11720
11728
11729
11734
11737
11738
11749
11751
11753
11756
11757
11766
11778
11785
11794
11795
11802
11816
11817
11818
11819
11829
11831
11833
11835
11836
11840
11854
11857
11864
11867
11871
11877
11886
11889
11905
11909
11926
11939
11940
11943
11946
11949
11953
11954
11960
11974
11975
11979
11992
11995
11996
11999
12005
12009
12016
12026
12036
12038
12046
12049
12065
12067
12073
12075
12076
12080
12088
12091
12106
12107
12118
12125
12130
12147
12151
12170
12174
12197
12198
12206
12221
12223
12224
12225
12228
12231
12234
12239
12241
12251
12253
12266
12268
12275
12277
12282
12298
12305
12306
12310
12326
12327
12330
12333
12334
12356
12387
12398
12407
12410
12425
12453
12458
12461
12462
12471
12472
12490
12503
12513
12517
12520
12523
12542
12543
12555
12560
12561
12563
12566
12587
12589
12595
12598
12611
12612
12617
12623
12642
12652
12660
12676
12691
12695
12696
12697
12709
12710
12712
12714
12715
12734
12741
12747
12759
12762
12766
12770
12787
12791
12792
12797
12799
12809
12814
12820
12821
12823
12834
12842
12850
12862
12864
12865
12868
12876
12881
12882
12884
12885
12890
12892
12898
12899
12907
12912
12913
12921
12929
12931
12932
12950
12952
12958
12974
12989
12998
13002
13013
13015
13027
13028
13039
13053
13060
13070
13072
13078
